12 0.796875 0.45546875 0.10625 0.1482421875
12 0.784375 0.86328125 0.10009765625 0.1578125
12 0.0390625 0.86484375 0.078125 0.1546875
12 0.1765625 0.86015625 0.097265625 0.1423828125
12 0.3484375 0.8640625 0.09697265625 0.1533203125
12 0.4875 0.86328125 0.112109375 0.16083984375
12 0.6375 0.85859375 0.10908203125 0.15166015625
12 0.9359375 0.06171875 0.103125 0.1234375
12 0.9484375 0.8640625 0.1 0.159375
12 0.259375 0.11328125 0.0251953125 0.04873046875
12 0.6359375 0.0609375 0.1 0.121875
12 0.28046875 0.11640625 0.0169921875 0.04541015625
12 0.1125 0.5015625 0.02216796875 0.04990234375
12 0.55546875 0.10625 0.02001953125 0.04990234375
12 0.95 0.4546875 0.096875 0.153125
12 0.79375 0.06796875 0.10625 0.1359375
12 0.190625 0.45078125 0.10322265625 0.13271484375
12 0.47265625 0.065625 0.1078125 0.13125
12 0.34140625 0.0640625 0.1046875 0.128125
12 0.18515625 0.0640625 0.0890625 0.128125
12 0.05078125 0.0671875 0.1015625 0.134375
12 0.04375 0.44921875 0.0875 0.1484375
12 0.3484375 0.45859375 0.103515625 0.14873046875
12 0.64296875 0.45390625 0.09208984375 0.14853515625