13 0.35625 0.446875 0.04384765625 0.06533203125
13 0.27734375 0.1125 0.05126953125 0.05947265625
13 0.51171875 0.0265625 0.0421875 0.0529296875
13 0.65078125 0.03125 0.04189453125 0.0529296875
13 0.53828125 0.64140625 0.06708984375 0.10751953125
13 0.859375 0.3359375 0.04033203125 0.0501953125
13 0.7921875 0.23359375 0.03134765625 0.0515625
13 0.028125 0.21171875 0.05 0.06416015625
13 0.11640625 0.10390625 0.0611328125 0.0732421875
13 0.115625 0.33046875 0.049609375 0.05810546875
13 0.028125 0.6953125 0.04677734375 0.0658203125
13 0.02890625 0.45546875 0.0548828125 0.06748046875
13 0.11640625 0.56953125 0.05146484375 0.05810546875
13 0.65390625 0.23046875 0.0455078125 0.06689453125
13 0.35625 0.22578125 0.04384765625 0.06376953125
13 0.51328125 0.23125 0.05146484375 0.05947265625
13 0.66015625 0.43984375 0.04521484375 0.06083984375
13 0.9234375 0.4390625 0.03154296875 0.05615234375
13 0.9828125 0.53515625 0.03125 0.0609375
13 0.97578125 0.14140625 0.03876953125 0.06083984375
13 0.91328125 0.04765625 0.0392578125 0.06083984375