13 0.45703125 0.55703125 0.03935546875 0.05146484375
13 0.52734375 0.47109375 0.0294921875 0.04248046875
13 0.70234375 0.8234375 0.04248046875 0.04697265625
13 0.78125 0.61171875 0.0185546875 0.021875
13 0.553125 0.68359375 0.01875 0.0236328125
13 0.3234375 0.6859375 0.016015625 0.025
13 0.35078125 0.08359375 0.11376953125 0.128125
13 0.2359375 0.31171875 0.03447265625 0.04541015625
13 0.3046875 0.3890625 0.03720703125 0.04658203125
13 0.38203125 0.30546875 0.03935546875 0.04833984375
13 0.53046875 0.30703125 0.03564453125 0.04853515625
13 0.45625 0.3890625 0.03720703125 0.05029296875
13 0.68125 0.3078125 0.034375 0.05029296875
13 0.60859375 0.3875 0.02978515625 0.04384765625