12 0.796875 0.45546875 0.09375 0.140625
12 0.784375 0.86328125 0.09404296875 0.1548828125
12 0.0359375 0.86484375 0.071875 0.1515625
12 0.1765625 0.86015625 0.0939453125 0.1419921875
12 0.3484375 0.8640625 0.11220703125 0.159765625
12 0.4875 0.86328125 0.100390625 0.15498046875
12 0.6375 0.85859375 0.11240234375 0.15458984375
12 0.9359375 0.0625 0.109375 0.125
12 0.95078125 0.8640625 0.0953125 0.15625
12 0.259375 0.11328125 0.0251953125 0.04873046875
12 0.6359375 0.06171875 0.10625 0.1234375
12 0.28046875 0.11640625 0.015625 0.04541015625
12 0.1125 0.5015625 0.02509765625 0.05009765625
12 0.55546875 0.10625 0.02041015625 0.05009765625
12 0.95 0.4546875 0.096875 0.153125
12 0.79375 0.0671875 0.103125 0.134375
12 0.190625 0.45078125 0.09384765625 0.12626953125
12 0.47265625 0.06484375 0.1015625 0.1296875
12 0.34140625 0.0640625 0.1078125 0.128125
12 0.18515625 0.06484375 0.0921875 0.1296875
12 0.04921875 0.065625 0.0984375 0.13125
12 0.0453125 0.44921875 0.090625 0.1515625
12 0.3484375 0.45859375 0.0966796875 0.14501953125
12 0.64296875 0.45390625 0.10751953125 0.15751953125