10 0.3546875 0.39296875 0.01884765625 0.0203125
10 0.32265625 0.30234375 0.0171875 0.02353515625
10 0.290625 0.2125 0.01259765625 0.01572265625
10 0.21796875 0.16328125 0.02958984375 0.0359375
10 0.81015625 0.53984375 0.03564453125 0.0517578125
10 0.67890625 0.2421875 0.02978515625 0.03154296875
10 0.84921875 0.71640625 0.14560546875 0.0888671875
10 0.8859375 0.6015625 0.02197265625 0.02490234375
10 0.8296875 0.47734375 0.01884765625 0.01728515625
10 0.78984375 0.3625 0.01875 0.01259765625
10 0.7453125 0.27734375 0.0158203125 0.0140625
10 0.7234375 0.31171875 0.022265625 0.034375
10 0.37421875 0.7484375 0.1515625 0.109765625
10 0.41640625 0.61640625 0.02373046875 0.0234375
10 0.33125 0.5625 0.02841796875 0.03759765625
10 0.39453125 0.4921875 0.0201171875 0.01884765625