10 0.3546875 0.39296875 0.01904296875 0.0203125
10 0.32265625 0.30234375 0.0173828125 0.02373046875
10 0.290625 0.2125 0.01279296875 0.01591796875
10 0.21796875 0.16328125 0.02958984375 0.0359375
10 0.81015625 0.53984375 0.02998046875 0.05
10 0.67890625 0.2421875 0.03271484375 0.03447265625
10 0.84921875 0.71640625 0.14833984375 0.090625
10 0.8859375 0.6015625 0.02490234375 0.02529296875
10 0.8296875 0.47734375 0.01884765625 0.01728515625
10 0.78984375 0.3625 0.0201171875 0.01259765625
10 0.7453125 0.27734375 0.016015625 0.0142578125
10 0.7234375 0.31171875 0.025 0.0359375
10 0.37421875 0.7484375 0.1513671875 0.109375
10 0.41640625 0.61640625 0.02353515625 0.0232421875
10 0.33125 0.5625 0.02822265625 0.03759765625
10 0.39453125 0.4921875 0.01875 0.01865234375