11 0.56953125 0.81953125 0.0484375 0.0888671875
11 0.75625 0.84296875 0.021875 0.02958984375
11 0.47890625 0.89609375 0.04228515625 0.0421875
11 0.48203125 0.67890625 0.0326171875 0.02978515625
11 0.48046875 0.84609375 0.0298828125 0.02666015625
11 0.75078125 0.278125 0.0232421875 0.01904296875
11 0.759375 0.45234375 0.02216796875 0.02373046875
11 0.75703125 0.57578125 0.025 0.02685546875
11 0.75625 0.70078125 0.024609375 0.02685546875
11 0.2359375 0.18359375 0.0189453125 0.01689453125
11 0.1109375 0.18984375 0.015625 0.02041015625
11 0.75546875 0.8859375 0.03310546875 0.0498046875
11 0.828125 0.890625 0.04072265625 0.05625
11 0.8171875 0.1015625 0.03447265625 0.1404296875
11 0.85390625 0.37265625 0.0203125 0.02314453125
11 0.8484375 0.63125 0.0185546875 0.02216796875
11 0.86875 0.86484375 0.021875 0.11103515625
11 0.8875 0.7953125 0.0154296875 0.0970703125
11 0.47578125 0.15703125 0.03251953125 0.02626953125
11 0.17890625 0.79453125 0.0330078125 0.06083984375
11 0.2296875 0.78515625 0.04365234375 0.10498046875
11 0.1265625 0.78359375 0.027734375 0.0451171875
11 0.12578125 0.7421875 0.0205078125 0.02841796875
11 0.12421875 0.60078125 0.01728515625 0.02353515625
11 0.1234375 0.48203125 0.01865234375 0.02333984375
11 0.12109375 0.35703125 0.01748046875 0.02373046875