11 0.4515625 0.65859375 0.09404296875 0.0515625
11 0.41640625 0.12890625 0.04853515625 0.034375
11 0.721875 0.915625 0.1095703125 0.10322265625
11 0.73125 0.18671875 0.025390625 0.01748046875
11 0.0921875 0.47265625 0.02529296875 0.0328125
11 0.34140625 0.17265625 0.02314453125 0.01748046875
11 0.2953125 0.29921875 0.02197265625 0.0140625
11 0.340625 0.2984375 0.02177734375 0.01572265625
11 0.24921875 0.421875 0.02041015625 0.0125
11 0.29453125 0.421875 0.02353515625 0.012890625
11 0.2515625 0.54140625 0.02216796875 0.01748046875
11 0.2953125 0.54140625 0.02216796875 0.0140625
11 0.253125 0.65703125 0.0251953125 0.02001953125
11 0.5796875 0.19140625 0.0189453125 0.015625
11 0.62109375 0.19453125 0.02060546875 0.01728515625
11 0.6015625 0.640625 0.0189453125 0.01845703125
11 0.57109375 0.53671875 0.0201171875 0.015625
11 0.57734375 0.30703125 0.02001953125 0.02001953125