11 0.78515625 0.16015625 0.04873046875 0.02646484375
11 0.9046875 0.18671875 0.0439453125 0.0232421875
11 0.45078125 0.25078125 0.03916015625 0.0205078125
11 0.73671875 0.69296875 0.03916015625 0.0203125
11 0.815625 0.7203125 0.03759765625 0.016015625
11 0.15703125 0.83046875 0.0578125 0.03896484375
11 0.16015625 0.86953125 0.0576171875 0.0390625
11 0.16640625 0.90703125 0.059375 0.03896484375
11 0.17109375 0.94140625 0.05185546875 0.034375
11 0.17734375 0.97578125 0.05439453125 0.034375
11 0.70703125 0.74296875 0.03916015625 0.0203125
11 0.784375 0.77109375 0.03720703125 0.02353515625