11 0.78515625 0.16015625 0.04833984375 0.02060546875
11 0.9046875 0.18671875 0.04375 0.01875
11 0.45078125 0.25078125 0.03896484375 0.0203125
11 0.73671875 0.69296875 0.03896484375 0.0173828125
11 0.815625 0.7203125 0.03759765625 0.0158203125
11 0.15703125 0.83046875 0.05625 0.03583984375
11 0.16015625 0.86953125 0.05625 0.0375
11 0.16640625 0.90703125 0.0580078125 0.03623046875
11 0.17109375 0.94140625 0.05185546875 0.034375
11 0.17734375 0.97578125 0.05439453125 0.034375
11 0.70703125 0.74296875 0.03896484375 0.0203125
11 0.784375 0.77109375 0.03466796875 0.02314453125