11 0.48359375 0.7875 0.03916015625 0.021875
11 0.7859375 0.87890625 0.03408203125 0.025
11 0.090625 0.71171875 0.02177734375 0.01103515625
11 0.3125 0.7140625 0.01884765625 0.01572265625
11 0.134375 0.85 0.02197265625 0.01533203125
11 0.16484375 0.8859375 0.01748046875 0.01279296875
11 0.80390625 0.71015625 0.0203125 0.01435546875
11 0.97734375 0.7109375 0.0201171875 0.01533203125
11 0.18984375 0.19453125 0.059375 0.1955078125
11 0.75859375 0.18671875 0.0453125 0.21083984375
11 0.48359375 0.47109375 0.09228515625 0.03623046875