11 0.125 0.3734375 0.04091796875 0.0251953125
11 0.51796875 0.26953125 0.0298828125 0.0298828125
11 0.490625 0.14140625 0.0220703125 0.04814453125
11 0.10859375 0.80703125 0.19501953125 0.07021484375
11 0.9171875 0.71484375 0.04404296875 0.0263671875
11 0.24921875 0.27578125 0.0486328125 0.02373046875
11 0.384375 0.2453125 0.04384765625 0.0345703125
11 0.25234375 0.403125 0.04560546875 0.021875
11 0.38125 0.3703125 0.04677734375 0.0158203125
11 0.24765625 0.13828125 0.04541015625 0.0234375
11 0.36875 0.10078125 0.0435546875 0.0140625
11 0.11484375 0.25078125 0.04189453125 0.0326171875
11 0.50390625 0.38828125 0.03935546875 0.02939453125