11 0.16875 0.38046875 0.04365234375 0.0982421875
11 0.1234375 0.6109375 0.02509765625 0.0689453125
11 0.24609375 0.4109375 0.0326171875 0.103125
11 0.29765625 0.503125 0.03310546875 0.069140625
11 0.221875 0.77421875 0.015625 0.03896484375
11 0.2921875 0.79296875 0.01533203125 0.03603515625
11 0.39296875 0.68828125 0.021875 0.0625
11 0.4390625 0.39453125 0.05 0.12314453125
11 0.36796875 0.2140625 0.053125 0.1310546875
11 0.50859375 0.33671875 0.05498046875 0.13583984375
11 0.50625 0.721875 0.056640625 0.05908203125
11 0.58515625 0.39140625 0.0294921875 0.0890625
11 0.5859375 0.78828125 0.021484375 0.0625
11 0.67421875 0.30546875 0.05126953125 0.12314453125
11 0.77578125 0.48046875 0.03896484375 0.03916015625
11 0.85546875 0.3890625 0.034375 0.0310546875
11 0.81875 0.6875 0.06240234375 0.0564453125
11 0.61328125 0.678125 0.05126953125 0.02529296875