11 0.45234375 0.3171875 0.00791015625 0.00625
11 0.46171875 0.3484375 0.0078125 0.00927734375
11 0.57265625 0.32421875 0.01416015625 0.0232421875
11 0.61484375 0.3203125 0.0201171875 0.0283203125
11 0.6921875 0.31015625 0.021875 0.02958984375
11 0.78359375 0.30859375 0.02626953125 0.03125
11 0.89375 0.434375 0.00947265625 0.012890625
11 0.71015625 0.6421875 0.0078125 0.0154296875
11 0.6859375 0.64140625 0.00654296875 0.0125
11 0.403125 0.3046875 0.00908203125 0.01884765625
11 0.434375 0.28359375 0.0091796875 0.025
11 0.45390625 0.51796875 0.00791015625 0.00791015625
11 0.18671875 0.34609375 0.0048828125 0.0140625
11 0.44296875 0.309375 0.0078125 0.009375
11 0.4328125 0.3484375 0.00654296875 0.00927734375