10 0.50703125 0.8140625 0.03291015625 0.02216796875
10 0.66015625 0.59375 0.02373046875 0.02216796875
10 0.58828125 0.809375 0.04228515625 0.02802734375
10 0.6640625 0.66484375 0.03779296875 0.02626953125
10 0.4875 0.0921875 0.03447265625 0.02470703125
10 0.58359375 0.5875 0.0267578125 0.01591796875
10 0.1859375 0.52265625 0.0158203125 0.01708984375
10 0.646875 0.11328125 0.024609375 0.02314453125
10 0.75859375 0.234375 0.04228515625 0.03095703125
10 0.37890625 0.07890625 0.02060546875 0.01748046875
10 0.7390625 0.28125 0.028125 0.02177734375
10 0.1375 0.23125 0.04716796875 0.03134765625
10 0.44921875 0.228125 0.04375 0.02822265625
10 0.50703125 0.33671875 0.02978515625 0.02060546875
10 0.809375 0.28125 0.0251953125 0.01884765625
10 0.809375 0.5859375 0.0314453125 0.02158203125
10 0.42265625 0.34765625 0.02373046875 0.02353515625
10 0.50390625 0.265625 0.0232421875 0.02158203125
10 0.103125 0.2765625 0.0279296875 0.02490234375
10 0.428125 0.5875 0.0314453125 0.01884765625
10 0.115625 0.52734375 0.024609375 0.02060546875