11 0.903125 0.2578125 0.09365234375 0.04052734375
11 0.89296875 0.41015625 0.0736328125 0.046875
11 0.8515625 0.55234375 0.0783203125 0.0375
11 0.828125 0.128125 0.04384765625 0.0435546875
11 0.70625 0.39296875 0.05322265625 0.0486328125
11 0.70703125 0.225 0.04541015625 0.05009765625
11 0.69453125 0.5296875 0.0451171875 0.05
11 0.56171875 0.1859375 0.0451171875 0.0376953125
11 0.315625 0.45078125 0.05966796875 0.03603515625
11 0.1 0.25078125 0.0748046875 0.0298828125
11 0.603125 0.5578125 0.09404296875 0.033984375