11 0.4515625 0.65859375 0.09384765625 0.0486328125
11 0.41640625 0.12890625 0.04873046875 0.0357421875
11 0.721875 0.915625 0.1158203125 0.10966796875
11 0.73125 0.18671875 0.025390625 0.01728515625
11 0.0921875 0.47265625 0.02509765625 0.0328125
11 0.34140625 0.17265625 0.02060546875 0.01728515625
11 0.2953125 0.29921875 0.02216796875 0.015625
11 0.340625 0.2984375 0.02216796875 0.01865234375
11 0.24921875 0.421875 0.02041015625 0.0125
11 0.29453125 0.421875 0.02333984375 0.0126953125
11 0.2515625 0.54140625 0.02197265625 0.01708984375
11 0.2953125 0.54140625 0.02197265625 0.0125
11 0.253125 0.65703125 0.025 0.02001953125
11 0.5796875 0.19140625 0.01875 0.0140625
11 0.62109375 0.19453125 0.02060546875 0.01728515625
11 0.6015625 0.640625 0.01875 0.01591796875
11 0.57109375 0.53671875 0.01875 0.0140625
11 0.57734375 0.30703125 0.01748046875 0.01748046875