11 0.81953125 0.33984375 0.05146484375 0.0359375
11 0.309375 0.6703125 0.04990234375 0.03759765625
11 0.40078125 0.6734375 0.0484375 0.0375
11 0.48984375 0.671875 0.0486328125 0.0373046875
11 0.63046875 0.67421875 0.0423828125 0.03251953125
11 0.721875 0.6765625 0.0439453125 0.03154296875
11 0.81640625 0.6765625 0.046875 0.0376953125
11 0.55703125 0.81484375 0.08603515625 0.02666015625
11 0.55 0.99375 0.08125 0.009375
11 0.309375 0.87421875 0.0466796875 0.03623046875
11 0.39609375 0.87421875 0.0455078125 0.03623046875
11 0.48203125 0.87421875 0.046875 0.03310546875
11 0.61953125 0.8734375 0.0423828125 0.03115234375
11 0.703125 0.87578125 0.046875 0.034375
11 0.7890625 0.87890625 0.04375 0.0330078125
11 0.24609375 0.11875 0.1892578125 0.15029296875
11 0.790625 0.25546875 0.046875 0.0390625