11 0.16875 0.38046875 0.04658203125 0.0982421875
11 0.1234375 0.6109375 0.02216796875 0.06875
11 0.24609375 0.4109375 0.0357421875 0.1033203125
11 0.29765625 0.503125 0.02978515625 0.0689453125
11 0.221875 0.77421875 0.0126953125 0.03896484375
11 0.2921875 0.79296875 0.01533203125 0.03603515625
11 0.39296875 0.68828125 0.0236328125 0.0638671875
11 0.4390625 0.39453125 0.0529296875 0.12314453125
11 0.36796875 0.2140625 0.0486328125 0.128515625
11 0.50859375 0.33671875 0.05439453125 0.13583984375
11 0.50625 0.721875 0.062109375 0.06220703125
11 0.58515625 0.39140625 0.0328125 0.0892578125
11 0.5859375 0.78828125 0.022265625 0.0638671875
11 0.67421875 0.30546875 0.05185546875 0.12314453125
11 0.77578125 0.48046875 0.03896484375 0.03916015625
11 0.85546875 0.3890625 0.0330078125 0.0283203125
11 0.81875 0.6875 0.06259765625 0.056640625
11 0.61328125 0.678125 0.04853515625 0.02216796875