11 0.56953125 0.81953125 0.0484375 0.0888671875
11 0.75625 0.84296875 0.021875 0.02958984375
11 0.47890625 0.89609375 0.04248046875 0.0423828125
11 0.48203125 0.67890625 0.03125 0.02939453125
11 0.48046875 0.84609375 0.0296875 0.02646484375
11 0.75078125 0.278125 0.0232421875 0.01904296875
11 0.759375 0.45234375 0.02216796875 0.02373046875
11 0.75703125 0.57578125 0.0236328125 0.02666015625
11 0.75625 0.70078125 0.021875 0.02646484375
11 0.2359375 0.18359375 0.0189453125 0.01689453125
11 0.1109375 0.18984375 0.015625 0.02041015625
11 0.75546875 0.8859375 0.03310546875 0.0498046875
11 0.828125 0.890625 0.04384765625 0.056640625
11 0.8171875 0.1015625 0.03447265625 0.1404296875
11 0.85390625 0.37265625 0.01875 0.02041015625
11 0.8484375 0.63125 0.0158203125 0.02197265625
11 0.86875 0.86484375 0.0279296875 0.11103515625
11 0.8875 0.7953125 0.0126953125 0.0970703125
11 0.47578125 0.15703125 0.03251953125 0.02626953125
11 0.17890625 0.79453125 0.0294921875 0.05791015625
11 0.2296875 0.78515625 0.04345703125 0.10498046875
11 0.1265625 0.78359375 0.025 0.04375
11 0.12578125 0.7421875 0.01875 0.02802734375
11 0.12421875 0.60078125 0.01748046875 0.02373046875
11 0.1234375 0.48203125 0.01904296875 0.02353515625
11 0.12109375 0.35703125 0.01748046875 0.02353515625