11 0.38984375 0.3515625 0.0861328125 0.10595703125
11 0.19296875 0.55703125 0.05166015625 0.07666015625
11 0.1265625 0.61796875 0.05322265625 0.07685546875
11 0.3796875 0.58671875 0.04384765625 0.04521484375
11 0.38515625 0.69375 0.05478515625 0.05947265625
11 0.59140625 0.8484375 0.0736328125 0.040234375
11 0.503125 0.54921875 0.0751953125 0.10498046875
11 0.609375 0.5234375 0.07158203125 0.09033203125
11 0.68125 0.703125 0.04716796875 0.05947265625
11 0.77578125 0.6640625 0.04189453125 0.041015625
11 0.8671875 0.646875 0.06552734375 0.07470703125
11 0.28203125 0.5359375 0.04375 0.0220703125