11 0.903125 0.2578125 0.09677734375 0.05009765625
11 0.89296875 0.41015625 0.0736328125 0.046875
11 0.8515625 0.55234375 0.078515625 0.040625
11 0.828125 0.128125 0.04677734375 0.044140625
11 0.70625 0.39296875 0.05634765625 0.053125
11 0.70703125 0.225 0.04560546875 0.05029296875
11 0.69453125 0.5296875 0.04375 0.0498046875
11 0.56171875 0.1859375 0.0421875 0.0345703125
11 0.315625 0.45078125 0.05927734375 0.03291015625
11 0.1 0.25078125 0.0751953125 0.0359375
11 0.603125 0.5578125 0.09658203125 0.034375