12 0.2546875 0.36640625 0.028515625 0.02939453125
12 0.76796875 0.37890625 0.03125 0.02958984375
12 0.3546875 0.36796875 0.01884765625 0.02646484375
12 0.15859375 0.3625 0.01728515625 0.02490234375
12 0.21015625 0.53359375 0.0294921875 0.02958984375
12 0.34296875 0.478125 0.02041015625 0.02509765625
12 0.3015625 0.534375 0.0251953125 0.02529296875
12 0.36171875 0.52734375 0.01708984375 0.02353515625
12 0.1703125 0.4734375 0.01884765625 0.02509765625
12 0.2046875 0.646875 0.027734375 0.02841796875
12 0.71015625 0.6625 0.02373046875 0.02529296875
12 0.30546875 0.646875 0.0265625 0.02529296875
12 0.36640625 0.63515625 0.01689453125 0.02353515625
12 0.2546875 0.47421875 0.12158203125 0.1109375
12 0.1609375 0.6953125 0.01865234375 0.02822265625
12 0.253125 0.70546875 0.028125 0.02646484375
12 0.35078125 0.69375 0.02001953125 0.02509765625
12 0.66953125 0.37734375 0.02001953125 0.02626953125
12 0.86796875 0.3796875 0.01416015625 0.02822265625
12 0.6765625 0.4875 0.02197265625 0.02529296875
12 0.85 0.4921875 0.02177734375 0.02529296875
12 0.375 0.42109375 0.01279296875 0.02041015625
12 0.65625 0.5390625 0.01552734375 0.02509765625
12 0.646875 0.42890625 0.01279296875 0.02353515625
12 0.71640625 0.5484375 0.0294921875 0.02509765625
12 0.809375 0.55078125 0.02470703125 0.02373046875
12 0.81015625 0.665625 0.0267578125 0.02802734375
12 0.7625 0.721875 0.028125 0.02509765625
12 0.7640625 0.49140625 0.11533203125 0.1046875
12 0.85703125 0.7140625 0.02060546875 0.02783203125
12 0.66171875 0.7078125 0.02021484375 0.02470703125
12 0.6453125 0.6453125 0.01240234375 0.02490234375
12 0.8703125 0.65234375 0.01259765625 0.02646484375