12 0.6484375 0.3171875 0.0748046875 0.12509765625
12 0.93046875 0.425 0.04248046875 0.074609375
12 0.084375 0.72890625 0.08447265625 0.11875
12 0.4671875 0.7 0.071875 0.11865234375
12 0.790625 0.65703125 0.06572265625 0.11064453125
12 0.9171875 0.71640625 0.0595703125 0.0984375
12 0.98671875 0.628125 0.02373046875 0.0408203125
12 0.803125 0.8546875 0.11533203125 0.10654296875
12 0.05546875 0.45546875 0.06416015625 0.0955078125
12 0.034375 0.21875 0.02529296875 0.04970703125
12 0.2640625 0.32265625 0.07216796875 0.13916015625