12 0.6484375 0.3171875 0.0720703125 0.12470703125
12 0.93046875 0.425 0.04814453125 0.075
12 0.084375 0.72890625 0.08154296875 0.1173828125
12 0.4671875 0.7 0.072265625 0.11904296875
12 0.790625 0.65703125 0.05634765625 0.10478515625
12 0.9171875 0.71640625 0.058984375 0.0982421875
12 0.98671875 0.628125 0.02353515625 0.040625
12 0.803125 0.8546875 0.11240234375 0.10595703125
12 0.05546875 0.45546875 0.06728515625 0.0982421875
12 0.034375 0.21875 0.02197265625 0.04697265625
12 0.2640625 0.32265625 0.07490234375 0.13935546875